$ANSIBLE_VAULT;1.1;AES256
62643837396166636665326133643839336430393236666534663565376165313431373836616333
3564313464333838626238366361363061366533643566620a303930653061633837666531626538
33363232636466316431623631653133633962343964306139623330306631666431373964643962
3362343931633264350a316566323033613863353133633064653166656339363561656332323532
30356265643664356136336235653333653563653664363038343538323665623966613665346262
62333961613330393262626663613336663837323363363734383634353834396434333636623435
35393136363231313666616436386162383162353363346664326538353336663838616134313630
65663035363332666131646335653563613962613036663665643834316135306532623535323633
37356665666436333336653239653436633561353461386639383664643333313662356234666136
64366166366363626437313036323261333837663935353564313639663936646664306239616466
35623831343764313031666465333233323261613530633038346331633565643932303634366533
35316162653564663564333265323162333532323765666165333162343635393432643963323862
30643835306436366133316263393933343562636635376665306364663239396263613565633636
32306437646437303665643238366663636330343766663562336466343634333566396130613030
62333831356634373961306237656137336165353465363065376366346662636632626136613733
61356637633935333437323564323066616664353737383465636237633563353464646165336664
30613739396336373564356336386261636263316234366532313066363332326363663034336265
63306534323834613062363761363737336565306230653364643266383238353838653963333065
30646436386662333963333038666136316231376636356431636239643466663230366132373362
34376231656461353534643263613831363762373763633932646134386661373234393032636461
39386166656239363265343132313832313466303033333466646137303430333030373438313739
64303364316338316438636436363533393661653863383635336261326164653230613238326631
34643033333630656134666331393630646166643534626631663066383366663039643165626331
33383034313730613839396138626338663230653961336130383737653534623061313130353235
34333564333264316137303063353834353038646438623035386636383765633863613235363638
36316132336234623233356462306163633533656563316539633466326538643061363537396233
36613537396332326464616533373163643136313831616533343434643961333235353562316336
65383439626331396134356438383431336665323832326438316136356134343731353234626239
35336637326238376634356539323266353264346164376231356238663738613761313837666139
30653030646237313763633166323339663631613563343166346562623037633433616532373933
64306161663666653862623138363633366133346363333536646162363336326439626434623166
33643162613863663666396130346365356435653431383839363933323461363931663335303139
38663634666634333761626430373539343462336465666166336666616432393666333134396532
39623266663464666631373332653761336139306165363461663061313038646132313137393863
38663934346438666431326435636239643063333235366465303063653366613736336363383035
30656534643833346230333736636463643035613438373332393661303332636231316230613130
37383566636132383633336235346438616636323038666232303936333666633837366231373061
64633135616232373839373231616233643930653535653962666235333931663035343139323533
62613464346161333437346539333861663237353534623231363466656230383266343363303365
63613465396237386236303563336462313930313465613531643663383661366661623334313938
39343231636136343938643539336561636535333431366635353664646430636335666562326435
30353438356537663665383734653063383564656336326130316139373066646535613836346533
62646535636435633264316630613733636361373936316432666232336266626233316438343562
32623566326463663439353635383235346236383333303265636439373465336638343330623135
64666231386164663139396339336339363038616632386663373837643137313866343733323163
35316633643435646364373264383965613530666230653363653162613663343235303465626366
61383739353965616436626231313235303662636364656461356135616234363930623130396136
62326666383931333061666165393839353138393737323534396531356433376161363630323833
30663963393032623164663933303061323434346132633266336635336136363461666362346664
31623933343565373230616234343438653664616335363531356162303662333738343034393737
33396166306466393737346563653065386435383461343934666138336330393537326437386336
32653235383562313034353638333564353963326561363030323134656130643963633361356130
31653338373033336531316536383335373831336164393163643534656634366333316633643233
64623039316264646436323838326132383537663963636332303763386131666535353039613564
61383432393838313866363065636535626139353939646432383134633438323136613730646665
62383066303535376334386235623536623831626339633131326361636338303466663539376637
63666461333765353661353232373063343833323131333637613334653430346232646138643963
30656130356434633866336361353839303438653436653036376534373936316264383865626166
33383862333932336366616133633838313361356533336363376634326637306439633361393839
62343439356439383931666435373932653161323864343233663938346265393563663462356566
35383634363538393330633131643364343165363937366635356332383737346263313336316165
35636261326664363930336261303539653931636636336333323366313666653032633932663961
30313662313361373566636261623637376237306438343739343137383136313439396233356238
65373030613861303863323535366237646437303532323034333533323562663733353338386133
66306534363639323763646239336132383837653539626333373432666433316237643733303437
65643539333030373864323964373837333238303734663237616535666635313633643362313930
35313332613136663137336335353661323164303830663466316363343733613365336237346364
63313265613139646431333532313764626666336131376533376362396436663731656430353664
32636366353138323264623363613461313838396163646630313631636365353065663831383632
62313039306633363535663137383831643763326261303032643063636663323536326639343533
66396464363231376234663764336366333331343532356133343331366132356364643762616665
37303034643537393633336366326431636262613139353632643831313537313036333765396232
31623237303566383639326136373363613434366438386232316464633764613739313633336333
38386430633532643833346235393565306562313037626465636466393536316336656266616338
31663734303962613338616132356335393265636464666331333134303962336133636237333532
62626131663937396131353738346363663761346436656366306237613262616163653436636361
34356332393235653435613835393639343235383666323733633364393635303330613730656138
64336164336235663732616532306164383836333338383935386439373436383665303761373964
32336635326564336438306338373233363864613036373032626161383538616232323830373539
65663334356462663538373131343439333132636639393534626463393630363338316461393466
66613961336264656166396165363536393034656234386463346164346132613731623839316565
36633265636431386165386531653437626164636664346263656461306136333139303762346634
33323136326262353138393966303330626334626532333765363134303135613561616437326663
36376139636461653432343631306432336337343561653939343338613836323166633633616238
38346130633661333039396265633063323038393134633639313932316336373366363930363337
30366533656665396138333531316461646566313237643231373564663433303936393031663861
33373736353064333836616633383765323432333239336565336165626565623031623433643433
33643165313466323933376665646138623266386238633532346231643961376232613238363462
66616466356536653864333030333766653166373831646266383839366561656635653239376466
62346639313937356434656665633439396666666637366331306137636636623136306634333966
36316464346435386462303563306363363234643035366138643536326566383038346164613235
32383837623866316235383263396436313763313638313535356533383561646332333937343966
39333662623837323839393762626363643264333963623261666162653831353733623031323930
65326537636236663634363061616366393635616162623737306132313838363538396332623065
66623930343062366265346136326339386665663465633430356662346332613163653861643633
33373232336237343666656235653832323134633564333938316466633532333735396261666635
63393338623533363637326433656536646561333962623234653238316337343635636664626630
65303839613066376265373533643439306665656436363239626633316564333861616162303764
37303330656361663833353338613331316262643636326665373437303166313436346663313364
32356633343664353432396465646163343032343430646538626138343063613633316531656364
63343061303866646263323762626438353466373732383537356366666138623166333339623735
35626665346639623636666137396336343163613932343866393963663266656539636130636462
32626133323830386136396431396636343838323435336433356663346233373262373466336635
38643435376266643861316162386238363362336336643537633435393861623431303938353934
38613037623333383633663631373461663434613734313130356535326565643065666139343132
31623638333936393062323036623539353435316438393638373230656135363332643831306530
66396230643137336130313833656263633138313664343031616435616130643264366534626262
35353166373432623634623231633539393866656234383766393039646266323931316565376263
39623934393430356165353636623534333638643638633862383565326666363331636335336131
63356563303133316538643237326666633463373735383131643330373565663032306165646435
61653362363431633530653931323334346163353862343162343062623337653939626130323835
39313630323831373535643263383965356362313835663363326462353038366564626266343463
66393530363134306361313832346262343161323832303832376164653136653266366661363337
64363566636565663765343237356161633537623136363633363138346537306536336666326661
66326161393466663866623339326463666237626431366663346433643061393863303662346662
32346265393334366165386433626362396530396635306633363861386632626638346137346363
63336239623333346264643661363737383362663065333565663335363634613664336362396131
61613661333535653738313730633765376632306430646561343966653933636433383461343832
61303632653766343536363536633465393263356639343063313038383561663466366639393538
35613461383033353538643135333436643763613264343166313164333565346131353238333338
34306166663936393561623062643965613633323534396264643338653261663962343866626463
64386232666566376266653332313734393438666539613231663862353539363734313537313165
38393863623663653264373432653164653839316634363436643863623964643539316463303064
34393633383463333861396234303632353639396134613264333633363636643464613133373163
32653261313939613634653866353763326433336633363733633037663730666365363939663466
36356265643134323063346661373333346163396238346338656233373265343439613636336633
62626334653665363566343065323837353233343261666435326236383830613063633063646536
31633361306236626662653831333964623465633630326530346566323430343038663038363734
65353539636539666262343935326364653439303134386138383637303536333039373735353235
35353463613038366533333035373539343333623534323935616433363061383438316530653262
30353466366266373633613136366533353262366437663439653965323631383432636237356663
34643932353938653961363439646139353530663361646331323063653431373431663230313234
32356365373736316462386539366433663537336338663562643633613738626238353631636134
39323634303965326636333435313832643031393737643566356166623063356665356230363531
34613566616233363432373661396633363863373637636134383264316638643836343437343235
35336334643438616662333462353931623034386334643162323962356263373163666438303965
66303962643233643338396232393530613565316537613966303433353835643236306165393937
66353066366130356638333166306136653231616266623462613436383766663863303261663665
38663437323838306132623539303466303831356235633135616437373931363837343265363261
34353733343837313965653937373237336566653536353736633534313263373565316564626332
61373866636434396138623535353535376663636461666366373435373137623561383635323138
39663237383966643763343839376139383461623161306238623130656232343736346233316631
36303765653765303030663832626634333263373664343766316263643364303731373765656535
38366631633530653832626433316132326137373062353863316664343637613863336439336564
63613365393066396137666439656136633861396261366634393133656138316561313665393237
39626235343764303539393736323839363231373132613362356132303238613161633735386163
32383336383536643562306638366632376431373338623134636461346236353162656463613138
64336264616539316535666237623963383039376239363334336661626235653332393934643461
61346263356436363739346134656664326139393563646163643665663631373862316138643336
64306162396231333035656564393430643831346438323665366666333432663537613232653337
32656465636431633639663731306566356362326437313536303434333636353139633636323864
66626464316632373961376232326636343466373436363730643231336665623639616537626131
65626265656462386639623462373231303236643865346335316563636630303033666633373135
30316463336436636264353638343434303666656436636430343435393439363039303635336363
39343032626639383836373335303936306239623163376335313736363234663437643338633761
34633031633235663064653063356531626637323062633266623733393437653430376364393466
66303438396661353661646463323563316563366433356636366462333832653532646234346235
34363135616531303136616630386235636262373730643430363230386664613262646235333764
62623365643562653965653236633939666163376634306636663165383832613036666338346634
30653762373032663065333837653730343564393161623633323131333138363462313031373635
31376632386639346238653961316264363134376263393363626236303635386239373035633739
31616262366538323630626539343338323931353830613330363762633630396333656537336334
62313934356261316233616238623261663431306163333630303231616165646263373063313336
39383437656666343234376532396465336137333537316130393365366235353937656338663765
39643931646230646161656439616235313261383238366334373832393065613339386363306262
38333263666464326331386561623862376636613833323830623366303935646530313836373431
65336461313462643062393632333862393337666237623362383132653234646537653635306334
65346638643237393562373730306261383337333937623164323464356361663132623564393335
65616563316361353665353937653838633365333034333039613165636235343838336362643839
61303361386531393639393031326165333865386434323332376338376262656666613661653531
38663037623335376638326533366664373666396363663631653763643462376234643164623336
37326232646337323963666235643037383035346138333533636332356131386332346434373065
64626130663661643564336561333965643630353138393832316164373039356435
